16909
30751
25801
27480
2390
4763
10844
10099
663
9147
29624
16859
10400
12185
8973
18257
16351
23202
220
3301
4768
28059
4340
6946
24636
1298
31162
12841
11977
18425
21387
21245
28394
30107
20379
27038
11026
19294
7094
443
9560
26880
2951
26699
7464
23196
28335
17881
18548
26162
26182
6558
2591
31909
18940
25486
15433
3516
26605
7377
32707
29166
32006
9444
4558
29609
1466
5901
31516
32566
29163
19765
6262
7220
1043
26866
8263
20212
7860
22794
31050
15475
18871
26263
4016
12108
27686
22217
24132
27486
8544
27102
3107
32593
30334
6809
25328
13201
17244
5286
31243
13935
23930
5284
31224
23385
28071
3862
8516
14371
11259
9843
8267
24769
24691
15580
27056
26715
27651
29323
12792
20489
9933
10332
1999
26028
13313
26240
5327
17396
31814
7314
29255
13663
6019
16070
2127
7250
10583
23898
3995
13431
5451
9053
30851
9943
6622
32534
8070
20688
19605
27544
3118
24326
17708
8769
11375
23841
19353
26921
18326
2107
2046
27983
12300
10675
22405
14731
4629
29115
29719
17077
10656
9519
229
3275
8136
15467
12844
3099
25694
12614
2558
24703
27058
26141
14420
26509
1137
18364
11292
2006
11247
8802
2588
24054
3173
25087
32138
17353
26429
5075
18857
18814
3447
10586
10991
29890
15312
31800
5585
2911
21576
25647
5353
3877
25467
21886
1835
28835
32071
819
17392
4778
4495
24709
1337
32603
2753
14699
22438
3877
2777
31832
19319
12173
6501
29559
11048
27863
26431
8198
9468
17661
6264
3210
22071
26418
19150
16465
14458
6704
32103
12546
17375
2429
10461
793
13670
29500
18018
6131
12185
13991
23744
26555
23698
15776
1402
18303
10107
16992
22951
8779
8135
1024
18951
21942
32265
17447
31247
11214
6602
28248
11149
4014
2060
2786
11372
8596
7125
4874
17702
29979
24331
6815
64
4324
13582
18812
17286
12694
11501
15968
12606
12254
24913
13278
3651
5418
16106
15613
12911
28373
32744
5865
25282
26679
7804
14858
2618
12235
2812
17920
21616
10111
21765
23127
24780
12861
29450
25297
9191
16346
13014
18149
3974
27388
27147
17248
130
2581
12672
28137
11367
15885
27887
2842
32255
13783
25696
7039
31147
28686
23258
27437
7055
9141
26630
3716
12295
15434
22842
11175
61
21151
30023
14183
8957
25393
18248
3773
29281
29177
26207
10539
9247
19441
2368
9643
10404
25518
27917
16737
5177
1085
24570
25026
18177
16751
12955
9414
7061
29056
23915
27170
14213
21154
25356
26061
14450
30313
10745
28150
29039
24645
4011
24438
3827
18016
28384
31134
12554
19331
15962
21875
15706
31829
20591
19013
18741
22374
8541
10018
32451
29442
24943
23448
5654
19271
23901
14752
24255
32454
15053
4309
20271
17048
18182
2414
27534
26341
4863
28566
8252
30874
30311
15673
8137
4195
4995
14545
24756
10
22118
4184
20449
25595
8782
23597
18148
24171
8128
10564
28601
11544
11676
13132
31027
9010
21072
23911
27997
18218
26197
8363
29506
7247
17479
27028
14135
10004
24278
30952
29745
26631
102
27985
6398
31502
12652
23595
25282
20151
6778
1021
1904
27817
30069
3940
16909
5805
30341
14006
1681
27247
30632
426
26918
24037
14917
15575
25749
18524
13193
9957
19787
19428
15353
2501
4834
1741
14642
22630
24826
6703
21952
23679
13263
10681
26008
31547
8196
13048
31465
7806
6853
12082
20424
11224
18065
11753
30694
27566
18571
23012
11570
24367
25749
18464
24717
8121
24195
15012
14780
3766
31852
25463
21738
10965
24040
19321
20140
8718
32264
31069
0
20542
22147
4062
30874
218
13678
6942
27817
29974
6167
14118
18327
24134
31936
18046
9629
7752
10067
5200
16734
11014
20135
29428
16935
24086
14423
31891
23842
5366
19558
1580
30499
22045
22057
17914
31022
30086
28826
25081
25830
5281
10025
14014
9669
20273
27968
17800
15163
23751
27323
23647
3615
18737
26284
19616
19373
29654
13061
21291
27763
9903
32194
3008
16956
15289
6121
24466
8098
4340
21369
22053
29799
19128
16604
32075
6407
14146
6299
13528
7310
28435
2181
11515
14352
26357
9289
29651
29974
20030
3296
2353
14593
10024
1521
14146
10008
23342
25797
28376
31010
30774
26124
17888
8785
14207
3991
13463
17086
1759
19907
27201
6842
24998
8604
12608
15382
31881
23808
29876
2058
32436
8662
13421
9978
957
19047
31514
6642
8582
13927
22487
15779
19439
27921
16410
13203
18153
5817
720
17235
19426
189
21749
16804
11255
8198
7166
3895
12746
5625
20328
28393
13304
12140
14263
8865
14158
4599
14654
27001
18171
16210
17125
26764
25488
11301
27942
10769
8133
2401
7259
26955
24571
9496
4267
1119
15770
9919
32607
2775
32097
3135
22484
16539
12586
25985
8996
14936
6089
16621
10983
26277
1871
29509
30088
25978
527
24576
31286
6357
31392
29372
13352
216
9634
28938
32576
29453
5919
12201
20774
15023
23941
30420
8360
21373
1591
18816
15309
19047
26818
28749
28969
32760
8222
18278
8302
16973
8615
3627
473
6002
28752
17865
25026
23755
19321
18570
12659
14275
15335
32679
26727
26538
4940
10731
20343
25173
29591
5634
12058
1850
6401
26091
20687
27991
17795
22845
28650
11769
26797
26721
1931
28879
18611
549
4909
6127
2734
25485
23868
16771
19103
26718
6455
16887
1290
10347
22707
30170
32147
4788
12984
10915
29647
19096
7121
22019
9914
17071
18674
16103
28314
3619
26640
11722
180
620
23900
6818
15964
19142
21591
14557
29400
4850
6422
11799
5926
25677
15844
4188
23888
1738
3927
26246
3186
25607
10518
3204
24735
13726
22662
3564
18199
24747
20676
11928
17092
1718
29147
2509
16733
30248
3353
3081
20711
17773
17235
10969
22241
10939
32223
28724
9502
31769
7658
8824
19927
749
20677
5069
12771
19377
30683
31204
9842
22923
25168
12190
27894
19883
19785
8873
12955
13187
157
2799
479
9911
3422
20475
6387
18552
27485
28087
13872
17313
13349
3909
15812
22351
11450
6901
1595
24620
4029
27767
9094
30683
2447
22378
4011
16868
12595
19395
14143
23816
4780
30374
24852
6431
7025
24806
16250
4756
2371
19735
18689
10427
24749
7711
23331
11947
512
5753
3439
9696
28067
12150
2603
21708
28660
21954
32543
32316
25649
4548
10831
21185
17272
16405
28120
